Dec 08, 2021	172.13	175.95	170.70	175.08	175.08	116,998,851
Dec 01, 2021	167.48	175.96	157.80	175.08	175.08	751,506,600
Oct 31, 2021	148.99	165.70	147.48	165.30	165.06	1,690,808,300
Sep 30, 2021	141.90	153.17	138.27	149.80	149.58	1,564,866,800
Aug 31, 2021	152.83	157.26	141.27	141.50	141.29	1,797,465,800
Jul 31, 2021	146.36	153.49	144.50	151.83	151.38	1,460,744,100
Jun 30, 2021	136.60	150.00	135.76	145.86	145.43	1,918,976,500
May 31, 2021	125.08	137.41	123.13	136.96	136.56	1,606,590,000
Apr 30, 2021	132.04	134.07	122.25	124.61	124.03	1,711,934,900
Mar 31, 2021	123.66	137.07	122.49	131.46	130.85	1,889,857,500
Mar 01, 2021	123.75	128.72	116.21	122.15	121.58	2,650,418,200
Feb 01, 2021	133.75	137.88	118.39	121.26	120.52	1,833,855,600
Jan 01, 2021	133.52	145.09	126.38	131.96	131.15	2,240,262,000
Dec 01, 2020	121.01	138.79	120.01	132.69	131.88	2,322,189,600
Oct 31, 2020	109.11	121.99	107.32	119.05	118.12	2,123,077,300
Sep 30, 2020	117.64	125.39	107.72	108.86	108.01	2,894,666,500
Aug 31, 2020	132.76	137.98	103.10	115.81	114.90	3,885,245,100
Jul 31, 2020	108.20	131.00	107.89	129.04	127.80	4,070,061,100
Jun 30, 2020	91.28	106.42	89.14	106.26	105.24	3,020,283,200
May 31, 2020	79.44	93.10	79.30	91.20	90.32	3,243,375,600
Apr 30, 2020	71.56	81.06	71.46	79.49	78.51	2,805,936,000
Mar 31, 2020	61.63	73.63	59.22	73.45	72.55	3,265,299,200
Mar 01, 2020	70.57	76.00	53.15	63.57	62.79	6,280,072,400
Feb 01, 2020	76.07	81.81	64.09	68.34	67.34	3,019,279,200
Jan 01, 2020	74.06	81.96	73.19	77.38	76.24	2,934,370,400
Dec 01, 2019	66.82	73.49	64.07	73.41	72.34	2,388,794,800
Oct 31, 2019	62.38	67.00	62.29	66.81	65.64	1,793,326,000
Sep 30, 2019	56.27	62.44	53.78	62.19	61.10	2,433,210,800
Aug 31, 2019	51.61	56.60	51.06	55.99	55.01	2,170,268,400
Jul 31, 2019	53.47	54.51	48.15	52.19	51.07	2,724,326,400
Jun 30, 2019	50.79	55.34	49.60	53.26	52.13	1,895,406,800
May 31, 2019	43.90	50.39	42.57	49.48	48.43	2,060,874,800
Apr 30, 2019	52.47	53.83	43.75	43.77	42.67	2,957,826,400
Mar 31, 2019	47.91	52.12	47.10	50.17	48.91	2,024,470,800
Mar 01, 2019	43.57	49.42	42.38	47.49	46.30	2,603,925,600
Feb 01, 2019	41.74	43.97	41.48	43.29	42.02	1,890,162,400
Jan 01, 2019	38.72	42.25	35.50	41.61	40.39	3,312,349,600
Dec 01, 2018	46.12	46.24	36.65	39.44	38.28	3,595,690,000
Oct 31, 2018	54.76	55.59	42.56	44.65	43.19	3,845,305,600
Sep 30, 2018	56.99	58.37	51.52	54.72	52.93	3,158,994,000
Aug 31, 2018	57.10	57.42	53.83	56.44	54.60	2,715,888,000
Jul 31, 2018	49.78	57.22	49.33	56.91	54.86	2,801,275,600
Jun 30, 2018	45.96	48.99	45.85	47.57	45.86	1,574,765,600
May 31, 2018	47.00	48.55	45.18	46.28	44.61	2,110,498,000
Apr 30, 2018	41.60	47.59	41.32	46.72	44.86	2,483,905,200
Mar 31, 2018	41.66	44.74	40.16	41.31	39.68	2,664,617,200
Mar 01, 2018	44.63	45.88	41.24	41.94	40.28	2,854,910,800
Feb 01, 2018	41.79	45.15	37.56	44.53	42.59	3,711,577,200
Jan 01, 2018	42.54	45.03	41.17	41.86	40.03	2,638,717,600
Dec 01, 2017	42.49	44.30	41.62	42.31	40.46	2,124,735,200
Oct 31, 2017	42.47	44.06	41.32	42.96	40.94	2,402,653,600
Sep 30, 2017	38.56	42.41	38.12	42.26	40.27	2,017,165,200
Aug 31, 2017	41.20	41.24	37.29	38.53	36.72	2,721,496,400
Jul 31, 2017	37.28	41.13	37.10	41.00	38.92	2,644,276,000
Jun 30, 2017	36.22	38.50	35.60	37.18	35.30	1,688,047,600
May 31, 2017	38.29	38.99	35.55	36.01	34.18	2,736,712,400
Apr 30, 2017	36.28	39.16	36.07	38.19	36.10	2,615,927,200
Mar 31, 2017	35.93	36.37	35.01	35.91	33.95	1,493,216,400
Mar 01, 2017	34.47	36.13	34.26	35.92	33.95	2,246,513,600
Feb 01, 2017	31.76	34.37	31.75	34.25	32.24	2,299,874,400
Jan 01, 2017	28.95	30.61	28.69	30.34	28.56	2,252,488,000
Dec 01, 2016	27.59	29.50	27.06	28.95	27.25	2,435,086,800
Oct 31, 2016	28.36	28.44	26.02	27.63	25.87	2,886,220,000
Sep 30, 2016	28.18	29.67	28.07	28.39	26.58	2,747,657,200
Aug 31, 2016	26.53	29.05	25.63	28.26	26.47	3,872,062,400
Jul 31, 2016	26.10	27.56	26.00	26.52	24.71	2,520,514,000
Jun 30, 2016	23.87	26.14	23.59	26.05	24.27	2,743,118,400
May 31, 2016	24.75	25.47	22.88	23.90	22.26	3,117,990,800
Apr 30, 2016	23.49	25.18	22.37	24.97	23.11	3,602,686,000
Mar 31, 2016	27.19	28.10	23.13	23.43	21.70	3,489,534,800
Mar 01, 2016	24.41	27.60	24.35	27.25	25.23	2,984,198,400
Feb 01, 2016	24.12	24.72	23.15	24.17	22.26	3,243,450,400
Jan 01, 2016	25.65	26.46	23.10	24.33	22.41	5,087,392,000
Dec 01, 2015	29.69	29.97	26.20	26.32	24.23	3,687,660,800
Oct 31, 2015	30.20	30.95	27.75	29.58	27.12	3,002,562,400
Sep 30, 2015	27.27	30.31	26.83	29.88	27.39	4,450,048,400
Aug 31, 2015	27.54	29.22	26.84	27.58	25.28	4,826,189,200
Jul 31, 2015	30.38	30.64	23.00	28.19	25.73	6,427,276,400
Jun 30, 2015	31.73	33.24	29.81	30.33	27.68	4,233,122,400
May 31, 2015	32.57	32.85	31.12	31.36	28.62	3,514,426,800
Apr 30, 2015	31.52	33.24	30.84	32.57	29.60	3,816,608,400
Mar 31, 2015	31.20	33.63	30.77	31.29	28.44	3,984,542,000
Mar 01, 2015	32.31	32.57	30.41	31.11	28.27	4,554,568,400
Feb 01, 2015	29.51	33.40	29.02	32.12	29.08	4,546,140,800
Jan 01, 2015	27.85	30.00	26.16	29.29	26.52	5,221,053,600
Dec 01, 2014	29.70	29.81	26.57	27.59	24.98	4,294,378,400
Oct 31, 2014	27.06	29.94	26.93	29.73	26.80	3,281,632,800
Sep 30, 2014	25.15	27.01	23.80	27.00	24.34	5,441,120,800
Aug 31, 2014	25.76	25.93	24.03	25.19	22.71	6,105,680,000
Jul 31, 2014	23.73	25.73	23.32	25.63	22.99	3,748,308,000
Jun 30, 2014	23.38	24.86	23.14	23.90	21.44	4,140,344,000
May 31, 2014	22.64	23.76	22.23	23.23	20.84	4,827,739,200
Apr 30, 2014	21.14	23.01	20.73	22.61	20.17	5,735,668,400
Mar 31, 2014	19.21	21.41	18.26	21.07	18.80	6,435,060,800
Mar 01, 2014	18.69	19.61	18.67	19.17	17.10	5,001,698,800
Feb 01, 2014	17.95	19.69	17.83	18.79	16.67	5,880,366,800
Jan 01, 2014	19.85	20.01	17.63	17.88	15.85	8,765,954,400
Dec 01, 2013	19.93	20.54	19.24	20.04	17.77	7,057,397,200
Oct 31, 2013	18.72	19.94	18.30	19.86	17.51	5,225,155,600
Sep 30, 2013	17.09	19.26	17.08	18.67	16.46	7,837,732,000
Aug 31, 2013	17.61	18.14	15.97	17.03	15.01	8,630,941,200
Jul 31, 2013	16.28	18.35	16.19	17.40	15.24	8,058,338,400
Jun 30, 2013	14.38	16.33	14.33	16.16	14.15	6,538,114,800
May 31, 2013	16.10	16.23	13.89	14.16	12.40	7,018,536,000
Apr 30, 2013	15.87	16.63	14.96	16.06	13.97	9,447,530,400
Mar 31, 2013	15.78	15.90	13.75	15.81	13.76	10,963,489,600
Mar 01, 2013	15.64	16.78	14.96	15.81	13.75	9,176,876,800
Feb 01, 2013	16.40	17.32	15.63	15.76	13.64	9,344,034,000
Jan 01, 2013	19.78	19.82	15.54	16.27	14.07	13,123,423,600
Dec 01, 2012	21.20	21.24	17.90	19.01	16.44	12,132,752,800
Oct 31, 2012	21.36	21.54	18.06	20.90	18.00	12,929,851,200
Sep 30, 2012	23.97	24.17	20.99	21.26	18.31	12,142,830,000
Aug 31, 2012	23.78	25.18	23.43	23.83	20.51	9,199,005,200
Jul 31, 2012	22.00	24.32	21.44	23.76	20.37	8,276,206,400
Jun 30, 2012	20.88	22.14	20.36	21.81	18.70	8,909,650,400
May 31, 2012	20.33	21.07	19.59	20.86	17.88	7,855,825,600
Apr 30, 2012	20.89	21.31	18.65	20.63	17.69	11,106,345,600
Mar 31, 2012	21.49	23.00	19.82	20.86	17.88	15,598,990,400
Mar 01, 2012	19.58	22.19	18.44	21.41	18.36	15,584,338,000
Feb 01, 2012	16.37	19.56	16.21	19.37	16.61	11,368,554,400
Jan 01, 2012	14.62	16.37	14.61	16.30	13.98	6,859,854,400
Dec 01, 2011	13.66	14.61	13.49	14.46	12.40	6,306,532,400
Oct 31, 2011	14.19	14.57	12.98	13.65	11.70	8,963,701,600
Sep 30, 2011	13.58	15.24	12.65	14.46	12.39	13,141,427,600
Aug 31, 2011	13.78	15.10	13.09	13.62	11.68	11,977,448,000
Jul 31, 2011	14.21	14.27	12.61	13.74	11.78	16,142,599,200
Jun 30, 2011	12.00	14.45	11.94	13.95	11.96	10,653,946,800
May 31, 2011	12.46	12.58	11.09	11.99	10.28	9,263,850,400
Apr 30, 2011	12.49	12.57	11.77	12.42	10.65	6,912,060,400
Mar 31, 2011	12.54	12.68	11.43	12.50	10.72	9,253,829,200
Mar 01, 2011	12.70	12.92	11.65	12.45	10.67	11,306,458,800
Feb 01, 2011	12.19	13.03	12.06	12.61	10.82	9,295,949,600
Jan 01, 2011	11.63	12.45	11.60	12.12	10.39	10,841,535,600
Dec 01, 2010	11.26	11.67	11.25	11.52	9.88	6,973,234,800
Oct 31, 2010	10.79	11.48	10.63	11.11	9.53	9,508,086,000
Sep 30, 2010	10.22	11.39	9.92	10.75	9.22	12,234,577,600
Aug 31, 2010	8.84	10.53	8.80	10.13	8.69	11,849,919,200
Jul 31, 2010	9.30	9.44	8.41	8.68	7.44	9,589,120,800
Jun 30, 2010	9.08	9.50	8.56	9.19	7.88	15,669,704,400
May 31, 2010	9.27	9.96	8.65	8.98	7.70	16,651,252,800
Apr 30, 2010	9.42	9.57	7.12	9.17	7.87	18,082,654,800
Mar 31, 2010	8.48	9.73	8.31	9.32	7.99	12,367,129,600
Mar 01, 2010	7.35	8.48	7.34	8.39	7.20	12,154,172,800
Feb 01, 2010	6.87	7.33	6.82	7.31	6.27	10,776,080,000
Jan 01, 2010	7.62	7.70	6.79	6.86	5.88	15,168,994,400
Dec 01, 2009	7.22	7.64	6.74	7.53	6.45	11,393,958,800
Oct 31, 2009	6.78	7.43	6.63	7.14	6.12	8,454,784,800
Sep 30, 2009	6.62	7.45	6.45	6.73	5.77	12,956,176,800
Aug 31, 2009	6.00	6.75	5.86	6.62	5.68	9,989,319,200
Jul 31, 2009	5.90	6.16	5.69	6.01	5.15	8,165,124,800
Jun 30, 2009	5.13	5.89	4.80	5.84	5.00	10,942,136,800
May 31, 2009	4.87	5.23	4.75	5.09	4.36	12,675,572,000
Apr 30, 2009	4.49	4.85	4.26	4.85	4.16	9,457,142,800
Mar 31, 2009	3.72	4.54	3.71	4.49	3.85	11,821,681,200
Mar 01, 2009	3.15	3.93	2.94	3.75	3.22	15,424,598,000
Feb 01, 2009	3.18	3.68	3.09	3.19	2.73	13,867,450,800
Jan 01, 2009	3.07	3.47	2.79	3.22	2.76	18,105,740,800
Dec 01, 2008	3.26	3.70	3.02	3.05	2.61	20,213,846,800
Oct 31, 2008	3.78	3.99	2.83	3.31	2.84	23,619,461,600
Sep 30, 2008	4.00	4.16	3.04	3.84	3.29	41,426,711,200
Aug 31, 2008	6.16	6.20	3.59	4.06	3.48	24,067,562,400
Jul 31, 2008	5.71	6.44	5.46	6.05	5.19	13,085,755,200
Jun 30, 2008	5.87	6.46	5.23	5.68	4.87	19,749,760,800
May 31, 2008	6.74	6.78	5.86	5.98	5.13	19,475,794,800
Apr 30, 2008	6.25	6.87	6.14	6.74	5.78	18,588,214,400
Mar 31, 2008	5.22	6.43	5.13	6.21	5.33	22,786,982,400
Mar 01, 2008	4.44	5.20	4.21	5.13	4.39	22,927,273,600
Feb 01, 2008	4.87	4.88	4.12	4.47	3.83	24,865,954,400
Jan 01, 2008	7.12	7.15	4.51	4.83	4.14	35,173,888,400
Dec 01, 2007	6.49	7.25	6.32	7.07	6.07	17,252,678,800
Oct 31, 2007	6.74	6.88	5.38	6.51	5.58	26,199,790,400
Sep 30, 2007	5.52	6.79	5.46	6.78	5.82	23,277,791,600
Aug 31, 2007	5.00	5.54	4.64	5.48	4.70	20,931,223,600
Jul 31, 2007	4.77	4.99	3.99	4.95	4.24	24,360,798,000
Jun 30, 2007	4.32	5.32	4.26	4.71	4.03	24,018,573,600
May 31, 2007	4.32	4.56	4.12	4.36	3.74	23,279,541,600
Apr 30, 2007	3.56	4.36	3.52	4.33	3.71	17,365,068,000
Mar 31, 2007	3.36	3.66	3.20	3.56	3.06	13,459,740,000
Mar 01, 2007	3.00	3.46	2.99	3.32	2.84	15,918,644,000
Feb 01, 2007	3.08	3.24	2.96	3.02	2.59	13,722,354,800
Jan 01, 2007	3.08	3.49	2.92	3.06	2.63	27,209,781,200
Dec 01, 2006	3.28	3.30	2.74	3.03	2.60	16,890,792,800
Nov 01, 2006	2.90	3.33	2.78	3.27	2.81	13,834,884,000
Sep 30, 2006	2.68	2.95	2.59	2.90	2.48	14,387,956,800
Aug 31, 2006	2.45	2.78	2.42	2.75	2.36	17,721,558,400
Jul 31, 2006	2.40	2.50	2.23	2.42	2.08	17,887,646,000
Jun 30, 2006	2.05	2.45	1.79	2.43	2.08	17,479,742,000
May 31, 2006	2.14	2.25	1.98	2.05	1.75	17,936,623,600
Apr 30, 2006	2.53	2.64	2.10	2.13	1.83	15,608,779,200
Apr 01, 2006	2.27	2.57	2.18	2.51	2.16	20,119,282,400
Mar 01, 2006	2.46	2.50	2.06	2.24	1.92	23,192,632,400
Feb 01, 2006	2.68	2.73	2.25	2.45	2.10	18,760,697,200
Jan 01, 2006	2.59	3.09	2.53	2.70	2.31	21,878,371,200
Dec 01, 2005	2.46	2.69	2.46	2.57	2.20	13,064,164,400
Nov 01, 2005	2.04	2.54	2.03	2.42	2.08	13,456,427,600
Sep 30, 2005	1.93	2.07	1.71	2.06	1.76	18,643,447,200
Aug 31, 2005	1.68	1.95	1.65	1.91	1.64	12,347,770,400
Jul 31, 2005	1.52	1.73	1.50	1.67	1.44	9,400,806,800
Jun 30, 2005	1.32	1.59	1.30	1.52	1.31	10,094,246,400
May 31, 2005	1.42	1.46	1.27	1.31	1.13	11,327,195,600
Apr 30, 2005	1.29	1.46	1.18	1.42	1.22	12,858,294,400
Apr 01, 2005	1.50	1.59	1.21	1.29	1.10	19,375,518,400
Mar 01, 2005	1.61	1.61	1.39	1.49	1.28	14,675,920,000
Feb 01, 2005	1.38	1.62	1.37	1.60	1.37	21,448,946,400
Jan 01, 2005	1.16	1.39	1.12	1.37	1.18	25,708,244,800
Dec 01, 2004	1.21	1.21	1.10	1.15	0.99	15,948,615,200
Nov 01, 2004	0.94	1.24	0.93	1.20	1.03	17,439,604,000
Sep 30, 2004	0.70	0.95	0.67	0.94	0.80	16,094,366,400
Aug 31, 2004	0.61	0.70	0.61	0.69	0.59	7,673,506,400
Jul 31, 2004	0.56	0.63	0.53	0.62	0.53	8,011,365,600
Jun 30, 2004	0.57	0.60	0.51	0.58	0.50	9,696,579,200
May 31, 2004	0.50	0.61	0.49	0.58	0.50	8,227,234,400
Apr 30, 2004	0.46	0.51	0.46	0.50	0.43	5,304,275,200
Apr 01, 2004	0.48	0.53	0.46	0.46	0.39	8,930,174,400
Mar 01, 2004	0.43	0.50	0.42	0.48	0.41	11,626,115,200
Feb 01, 2004	0.40	0.43	0.39	0.43	0.37	4,922,030,400
Jan 01, 2004	0.38	0.44	0.38	0.40	0.35	7,927,802,400
Dec 01, 2003	0.38	0.39	0.34	0.38	0.33	5,453,873,600
Nov 01, 2003	0.41	0.42	0.35	0.37	0.32	4,974,104,800
Sep 30, 2003	0.37	0.45	0.36	0.41	0.35	7,040,191,200
Aug 31, 2003	0.40	0.42	0.36	0.37	0.32	5,347,484,800
Jul 31, 2003	0.38	0.41	0.35	0.40	0.35	4,307,564,800
Jun 30, 2003	0.34	0.39	0.33	0.38	0.32	5,218,270,400
May 31, 2003	0.32	0.35	0.30	0.34	0.29	6,113,335,200
Apr 30, 2003	0.25	0.34	0.25	0.32	0.27	10,811,544,800
Apr 01, 2003	0.25	0.27	0.23	0.25	0.22	7,775,342,400
Mar 01, 2003	0.27	0.27	0.25	0.25	0.22	4,028,404,800
Feb 01, 2003	0.26	0.27	0.25	0.27	0.23	4,114,303,200
Jan 01, 2003	0.26	0.27	0.24	0.26	0.22	6,045,832,800
Dec 01, 2002	0.28	0.29	0.25	0.26	0.22	4,530,439,200
Nov 01, 2002	0.28	0.31	0.27	0.28	0.24	4,531,721,600
Sep 30, 2002	0.26	0.29	0.24	0.29	0.25	6,611,432,800
Aug 31, 2002	0.26	0.27	0.25	0.26	0.22	5,291,837,600
Jul 31, 2002	0.27	0.29	0.25	0.26	0.23	5,151,686,400
Jun 30, 2002	0.32	0.34	0.25	0.27	0.23	8,118,415,200
May 31, 2002	0.42	0.42	0.29	0.32	0.27	8,708,016,800
Apr 30, 2002	0.43	0.46	0.40	0.42	0.36	5,976,157,600
Apr 01, 2002	0.42	0.47	0.41	0.43	0.37	6,422,836,000
Mar 01, 2002	0.39	0.45	0.39	0.42	0.36	5,318,583,200
Feb 01, 2002	0.43	0.46	0.37	0.39	0.33	7,837,424,000
Jan 01, 2002	0.39	0.44	0.36	0.44	0.38	8,515,376,800
Dec 01, 2001	0.38	0.43	0.36	0.39	0.34	4,629,839,200
Nov 01, 2001	0.32	0.38	0.31	0.38	0.33	5,369,744,800
Sep 30, 2001	0.28	0.35	0.26	0.31	0.27	7,544,247,200
Aug 31, 2001	0.33	0.34	0.26	0.28	0.24	5,531,523,200
Jul 31, 2001	0.34	0.36	0.31	0.33	0.28	5,129,359,200
Jun 30, 2001	0.42	0.45	0.32	0.34	0.29	8,655,102,400
May 31, 2001	0.36	0.45	0.35	0.42	0.36	7,638,265,600
Apr 30, 2001	0.45	0.48	0.34	0.36	0.31	7,468,434,400
Apr 01, 2001	0.39	0.48	0.33	0.46	0.39	11,158,991,200
Mar 01, 2001	0.32	0.42	0.31	0.39	0.34	10,799,062,400
Feb 01, 2001	0.37	0.39	0.32	0.33	0.28	7,023,766,400
Jan 01, 2001	0.27	0.40	0.26	0.39	0.33	13,709,460,800
Dec 01, 2000	0.30	0.31	0.24	0.27	0.23	8,858,970,400
Nov 01, 2000	0.35	0.41	0.29	0.29	0.25	8,488,373,600
Sep 30, 2000	0.48	0.48	0.31	0.35	0.30	21,905,788,800
Aug 31, 2000	1.09	1.15	0.45	0.46	0.39	14,516,930,400
Jul 31, 2000	0.90	1.10	0.79	1.09	0.93	5,636,086,400
Jun 30, 2000	0.93	1.08	0.84	0.91	0.78	5,746,770,400
May 31, 2000	0.73	1.03	0.72	0.94	0.80	8,105,204,800
Apr 30, 2000	1.11	1.13	0.73	0.75	0.64	9,807,750,400
Apr 01, 2000	1.21	1.25	0.94	1.11	0.95	8,662,404,800
Mar 01, 2000	1.06	1.34	1.02	1.21	1.04	8,698,356,800
Feb 01, 2000	0.93	1.07	0.87	1.02	0.88	7,319,782,400
Jan 01, 2000	0.94	1.08	0.77	0.93	0.79	12,555,177,600
Dec 01, 1999	0.90	1.05	0.81	0.92	0.79	9,418,214,400
Nov 01, 1999	0.71	0.93	0.69	0.87	0.75	8,624,929,600
Sep 30, 1999	0.55	0.72	0.53	0.72	0.61	14,468,496,000
Aug 31, 1999	0.60	0.72	0.51	0.57	0.48	18,967,468,800
Jul 31, 1999	0.50	0.59	0.47	0.58	0.50	9,244,603,200
Jun 30, 1999	0.41	0.51	0.40	0.50	0.43	11,466,582,400
May 31, 1999	0.40	0.44	0.38	0.41	0.35	6,918,620,800
Apr 30, 1999	0.41	0.45	0.37	0.39	0.34	8,908,905,600
Apr 01, 1999	0.32	0.42	0.30	0.41	0.35	15,888,969,600
Mar 01, 1999	0.31	0.33	0.29	0.32	0.28	9,951,995,200
Feb 01, 1999	0.37	0.37	0.31	0.31	0.27	8,116,516,800
Jan 01, 1999	0.38	0.42	0.33	0.37	0.32	15,127,403,200
Dec 01, 1998	0.29	0.37	0.28	0.37	0.31	12,924,105,600
Nov 01, 1998	0.33	0.35	0.28	0.29	0.24	10,123,523,200
Sep 30, 1998	0.33	0.37	0.25	0.33	0.28	12,930,926,400
Aug 31, 1998	0.28	0.36	0.27	0.34	0.29	8,080,318,400
Jul 31, 1998	0.31	0.39	0.28	0.28	0.24	13,220,872,000
Jun 30, 1998	0.26	0.34	0.25	0.31	0.27	10,927,660,800
May 31, 1998	0.24	0.26	0.23	0.26	0.22	3,909,841,600
Apr 30, 1998	0.25	0.28	0.23	0.24	0.20	6,803,339,200
Apr 01, 1998	0.24	0.26	0.22	0.24	0.21	8,081,886,400
Mar 01, 1998	0.21	0.25	0.19	0.25	0.21	10,625,977,600
Feb 01, 1998	0.17	0.21	0.16	0.21	0.18	7,354,166,400
Jan 01, 1998	0.12	0.18	0.12	0.16	0.14	10,211,577,600
Dec 01, 1997	0.16	0.16	0.11	0.12	0.10	5,097,792,000
Nov 01, 1997	0.16	0.19	0.15	0.16	0.14	5,547,483,200
Sep 30, 1997	0.19	0.22	0.14	0.15	0.13	6,430,043,200
Aug 31, 1997	0.20	0.21	0.19	0.19	0.17	3,606,075,200
Jul 31, 1997	0.16	0.26	0.16	0.19	0.17	17,675,705,600
Jun 30, 1997	0.12	0.16	0.11	0.16	0.13	6,782,372,800
May 31, 1997	0.15	0.15	0.13	0.13	0.11	2,572,304,000
Apr 30, 1997	0.15	0.16	0.15	0.15	0.13	2,292,707,200
Apr 01, 1997	0.16	0.18	0.15	0.15	0.13	3,809,724,800
Mar 01, 1997	0.15	0.17	0.14	0.16	0.14	4,502,243,200
Feb 01, 1997	0.15	0.16	0.14	0.15	0.12	4,574,169,600
Jan 01, 1997	0.19	0.20	0.15	0.15	0.13	9,072,739,200
Dec 01, 1996	0.22	0.23	0.19	0.19	0.16	4,147,483,200
Nov 01, 1996	0.21	0.24	0.21	0.22	0.18	2,581,364,800
Sep 30, 1996	0.20	0.25	0.20	0.21	0.18	5,816,977,600
Aug 31, 1996	0.22	0.22	0.18	0.20	0.17	3,213,548,800
Jul 31, 1996	0.20	0.22	0.19	0.22	0.19	3,187,374,400
Jun 30, 1996	0.19	0.20	0.14	0.20	0.17	4,803,489,600
May 31, 1996	0.23	0.23	0.18	0.19	0.16	4,673,939,200
Apr 30, 1996	0.22	0.26	0.21	0.23	0.20	3,603,902,400
Apr 01, 1996	0.22	0.24	0.21	0.22	0.19	2,867,076,800
Mar 01, 1996	0.25	0.25	0.21	0.22	0.19	3,346,750,400
Feb 01, 1996	0.25	0.27	0.24	0.25	0.21	4,652,099,200
Jan 01, 1996	0.29	0.32	0.24	0.25	0.21	10,300,214,400
Dec 01, 1995	0.34	0.36	0.28	0.28	0.24	6,560,243,200
Nov 01, 1995	0.33	0.38	0.32	0.34	0.29	4,864,294,400
Sep 30, 1995	0.34	0.35	0.30	0.32	0.28	6,498,508,800
Aug 31, 1995	0.38	0.41	0.31	0.33	0.28	7,311,483,200
Jul 31, 1995	0.40	0.41	0.37	0.38	0.33	5,292,918,400
Jun 30, 1995	0.42	0.45	0.38	0.40	0.34	5,699,579,200
May 31, 1995	0.37	0.45	0.37	0.41	0.35	5,521,947,200
Apr 30, 1995	0.34	0.40	0.33	0.37	0.32	6,384,672,000
Apr 01, 1995	0.32	0.35	0.30	0.34	0.29	5,674,300,800
Mar 01, 1995	0.35	0.36	0.30	0.31	0.27	6,997,144,000
Feb 01, 1995	0.36	0.40	0.34	0.35	0.30	5,299,347,200
Jan 01, 1995	0.35	0.43	0.34	0.36	0.31	8,162,100,800
Dec 01, 1994	0.33	0.36	0.31	0.35	0.30	3,787,795,200
Nov 01, 1994	0.38	0.39	0.32	0.33	0.28	4,048,945,600
Sep 30, 1994	0.30	0.39	0.29	0.39	0.33	7,713,484,800
Aug 31, 1994	0.32	0.33	0.30	0.30	0.25	3,232,644,800
Jul 31, 1994	0.30	0.33	0.29	0.32	0.27	4,574,897,600
Jun 30, 1994	0.24	0.30	0.23	0.30	0.25	4,848,065,600
May 31, 1994	0.25	0.26	0.22	0.24	0.20	4,671,788,800
Apr 30, 1994	0.27	0.30	0.25	0.26	0.22	3,361,657,600
Apr 01, 1994	0.29	0.31	0.24	0.27	0.22	4,042,136,000
Mar 01, 1994	0.33	0.34	0.28	0.30	0.25	5,257,985,600
Feb 01, 1994	0.29	0.34	0.29	0.33	0.27	4,284,459,200
Jan 01, 1994	0.26	0.31	0.26	0.29	0.24	7,332,035,200
Dec 01, 1993	0.29	0.29	0.24	0.26	0.22	3,956,971,200
Nov 01, 1993	0.27	0.31	0.27	0.28	0.23	3,452,108,800
Sep 30, 1993	0.20	0.29	0.20	0.27	0.23	5,905,323,200
Aug 31, 1993	0.24	0.24	0.21	0.21	0.17	3,668,022,400
Jul 31, 1993	0.25	0.27	0.23	0.24	0.20	3,683,164,800
Jun 30, 1993	0.35	0.35	0.23	0.25	0.21	7,142,912,000
May 31, 1993	0.50	0.52	0.34	0.35	0.29	7,674,396,800
Apr 30, 1993	0.46	0.53	0.46	0.51	0.42	3,200,545,600
Apr 01, 1993	0.46	0.47	0.42	0.46	0.38	3,914,411,200
Mar 01, 1993	0.47	0.52	0.45	0.46	0.38	3,661,526,400
Feb 01, 1993	0.53	0.55	0.46	0.47	0.39	4,651,281,600
Jan 01, 1993	0.53	0.58	0.51	0.53	0.44	5,542,264,000
Dec 01, 1992	0.51	0.55	0.49	0.53	0.44	3,334,318,400
Nov 01, 1992	0.47	0.53	0.46	0.51	0.42	3,126,547,200
Sep 30, 1992	0.40	0.48	0.37	0.47	0.39	3,531,427,200
Aug 31, 1992	0.41	0.45	0.39	0.40	0.33	3,055,662,400
Jul 31, 1992	0.42	0.42	0.37	0.41	0.34	2,746,531,200
Jun 30, 1992	0.43	0.44	0.39	0.42	0.34	3,632,809,600
May 31, 1992	0.51	0.53	0.38	0.43	0.35	4,851,683,200
Apr 30, 1992	0.54	0.56	0.52	0.53	0.44	2,703,724,800
Apr 01, 1992	0.51	0.55	0.47	0.54	0.44	3,931,390,400
Mar 01, 1992	0.60	0.61	0.52	0.52	0.43	2,985,662,400
Feb 01, 1992	0.58	0.63	0.55	0.60	0.49	2,534,996,800
Jan 01, 1992	0.50	0.62	0.50	0.58	0.47	4,703,160,000
Dec 01, 1991	0.45	0.52	0.43	0.50	0.41	2,607,169,600
Nov 01, 1991	0.46	0.49	0.42	0.45	0.37	3,696,033,600
Sep 30, 1991	0.44	0.50	0.42	0.46	0.38	3,593,990,400
Aug 31, 1991	0.47	0.48	0.42	0.44	0.36	2,393,070,400
Jul 31, 1991	0.41	0.50	0.41	0.47	0.39	4,172,649,600
Jun 30, 1991	0.38	0.43	0.37	0.41	0.34	3,783,494,400
May 31, 1991	0.42	0.44	0.36	0.37	0.30	4,091,662,400
Apr 30, 1991	0.43	0.48	0.39	0.42	0.34	7,972,843,200
Apr 01, 1991	0.61	0.65	0.49	0.49	0.40	7,243,051,200
Mar 01, 1991	0.51	0.63	0.51	0.61	0.49	5,210,598,400
Feb 01, 1991	0.50	0.56	0.49	0.51	0.41	5,545,780,800
Jan 01, 1991	0.38	0.50	0.38	0.50	0.40	7,037,307,200
Dec 01, 1990	0.33	0.40	0.33	0.38	0.31	4,094,092,800
Nov 01, 1990	0.27	0.34	0.27	0.33	0.27	3,254,608,000
Sep 30, 1990	0.26	0.29	0.22	0.27	0.22	5,056,116,800
Aug 31, 1990	0.33	0.33	0.24	0.26	0.21	2,206,948,800
Jul 31, 1990	0.38	0.39	0.30	0.33	0.27	3,128,339,200
Jun 30, 1990	0.40	0.43	0.36	0.38	0.30	4,163,812,800
May 31, 1990	0.37	0.40	0.33	0.40	0.32	3,952,054,400
Apr 30, 1990	0.35	0.38	0.35	0.37	0.30	4,115,630,400
Apr 01, 1990	0.36	0.40	0.34	0.35	0.28	3,642,475,200
Mar 01, 1990	0.30	0.39	0.30	0.36	0.29	4,556,473,600
Feb 01, 1990	0.31	0.31	0.29	0.30	0.24	2,483,891,200
Jan 01, 1990	0.31	0.35	0.29	0.30	0.24	3,747,497,600
Dec 01, 1989	0.40	0.41	0.29	0.31	0.25	5,941,185,600
Nov 01, 1989	0.41	0.42	0.38	0.40	0.32	2,524,939,200
Sep 30, 1989	0.40	0.45	0.38	0.42	0.33	4,125,049,600
Aug 31, 1989	0.40	0.42	0.38	0.40	0.32	2,020,849,600
Jul 31, 1989	0.35	0.41	0.35	0.40	0.32	3,352,305,600
Jun 30, 1989	0.37	0.38	0.34	0.35	0.28	3,688,630,400
May 31, 1989	0.43	0.45	0.35	0.37	0.29	3,941,280,000
Apr 30, 1989	0.34	0.44	0.34	0.43	0.34	5,253,382,400
Apr 01, 1989	0.32	0.37	0.30	0.35	0.28	3,966,424,000
Mar 01, 1989	0.32	0.33	0.30	0.32	0.25	3,859,676,800
Feb 01, 1989	0.34	0.36	0.31	0.32	0.26	4,886,268,800
Jan 01, 1989	0.36	0.39	0.32	0.34	0.27	7,345,833,600
Dec 01, 1988	0.34	0.38	0.33	0.36	0.29	2,946,070,400
Nov 01, 1988	0.34	0.35	0.32	0.34	0.27	2,939,865,600
Sep 30, 1988	0.38	0.39	0.33	0.34	0.27	3,563,649,600
Aug 31, 1988	0.35	0.40	0.34	0.39	0.31	3,060,321,600
Jul 31, 1988	0.40	0.41	0.35	0.36	0.28	2,653,313,600
Jun 30, 1988	0.42	0.42	0.38	0.40	0.31	2,186,419,200
May 31, 1988	0.37	0.42	0.37	0.41	0.33	3,534,731,200
Apr 30, 1988	0.36	0.39	0.33	0.37	0.29	2,638,507,200
Apr 01, 1988	0.35	0.38	0.34	0.37	0.29	3,297,929,600
Mar 01, 1988	0.39	0.43	0.35	0.36	0.28	4,882,102,400
Feb 01, 1988	0.37	0.39	0.34	0.38	0.30	3,368,467,200
Jan 01, 1988	0.38	0.41	0.34	0.37	0.29	6,221,600,000
Dec 01, 1987	0.30	0.39	0.27	0.38	0.29	4,702,264,000
Nov 01, 1987	0.35	0.36	0.27	0.29	0.23	4,234,238,400
Sep 30, 1987	0.51	0.53	0.25	0.34	0.27	6,575,699,200
Aug 31, 1987	0.49	0.52	0.43	0.50	0.40	3,075,486,400
Jul 31, 1987	0.37	0.48	0.36	0.48	0.38	3,119,300,800
Jun 30, 1987	0.36	0.40	0.33	0.37	0.29	3,070,256,000
May 31, 1987	0.35	0.39	0.34	0.36	0.28	3,497,536,000
Apr 30, 1987	0.35	0.37	0.32	0.35	0.28	3,838,956,800
Apr 01, 1987	0.28	0.36	0.28	0.35	0.28	6,813,161,600
Mar 01, 1987	0.31	0.31	0.28	0.29	0.23	5,959,318,400
Feb 01, 1987	0.25	0.32	0.23	0.31	0.24	6,616,176,000
Jan 01, 1987	0.18	0.26	0.18	0.25	0.19	8,268,915,200
Dec 01, 1986	0.18	0.20	0.17	0.18	0.14	4,762,576,000
Nov 01, 1986	0.16	0.18	0.15	0.18	0.14	5,206,163,200
Sep 30, 1986	0.15	0.16	0.14	0.15	0.12	2,984,038,400
Aug 31, 1986	0.17	0.17	0.14	0.15	0.12	3,578,198,400
Jul 31, 1986	0.14	0.17	0.14	0.17	0.13	3,643,516,800
Jun 30, 1986	0.16	0.17	0.13	0.14	0.11	5,691,638,400
May 31, 1986	0.17	0.17	0.15	0.16	0.13	4,063,360,000
Apr 30, 1986	0.14	0.17	0.13	0.17	0.13	4,954,051,200
Apr 01, 1986	0.13	0.15	0.12	0.14	0.11	4,462,684,800
Mar 01, 1986	0.11	0.13	0.11	0.13	0.10	4,264,332,800
Feb 01, 1986	0.10	0.12	0.10	0.11	0.09	3,420,860,800
Jan 01, 1986	0.10	0.11	0.10	0.10	0.08	6,291,801,600
Dec 01, 1985	0.09	0.10	0.09	0.10	0.08	3,571,209,600
Nov 01, 1985	0.08	0.09	0.08	0.09	0.07	2,884,672,000
Sep 30, 1985	0.07	0.09	0.07	0.08	0.07	3,785,913,600
Aug 31, 1985	0.07	0.08	0.07	0.07	0.06	1,797,196,800
Jul 31, 1985	0.07	0.07	0.06	0.07	0.05	1,818,745,600
Jun 30, 1985	0.08	0.08	0.07	0.07	0.06	2,600,595,200
May 31, 1985	0.08	0.08	0.07	0.08	0.06	5,811,388,800
Apr 30, 1985	0.09	0.10	0.08	0.08	0.06	4,639,129,600
Apr 01, 1985	0.10	0.10	0.09	0.09	0.07	2,868,028,800
Mar 01, 1985	0.11	0.12	0.09	0.10	0.08	4,615,587,200
Feb 01, 1985	0.13	0.14	0.11	0.11	0.09	4,733,388,800
Jan 01, 1985	0.13	0.14	0.12	0.13	0.10	6,366,416,000